<Object ID> <h_min> <h_max> <s_min> <s_max> <v_min> <v_max>
AreaThreshold 80000
obj_1: 19.000000 23.000000 133.000000 152.000000 135.000000 152.000000
obj_2: 25.000000 28.000000 110.000000 132.000000 155.000000 174.000000
obj_3: 21.000000 24.000000 148.000000 164.000000 135.000000 149.000000
obj_4: 14.000000 14.000000 22.000000 22.000000 136.000000 136.000000
obj_5: 14.000000 14.000000 22.000000 22.000000 135.000000 135.000000
obj_6: 0 360 0 255 0 255
obj_7: 0 360 0 255 0 255 0000000
obj_8: 0 360 0 255 0 255 0 0 0 0 0 0 0
